[Posição global Gazebo] [X Y Z]

[
 1.001
 1.002
 1.002
 1.001
 1.002
 1.002
 1.002
 1.002
 1.002
 1.002
 1.002
 1.001
 1.001
 1.001
 1.001
 1
 1
 1
 1
 0.999
 0.999
 0.999
 0.999
 0.999
 0.999
 0.999
 0.999
 0.999
 0.999
 0.999
 0.999
 0.999
 0.999
 0.999
 0.999
 0.999
 1
 1
 1.001
 1.001
 1.001
 1.002
 1.002
 1.003
 1.003
 1.003
 1.004
 1.004
 1.004
 1.005
 1.005
 1.005
 1.006
 1.006
 1.007
 1.007
 1.008
 1.008
 1.009
 1.01
 1.01
 1.011
 1.012
 1.012
 1.013
 1.013
 1.014
 1.014
 1.014
 1.015
 1.015
 1.015
 1.015
 1.016
 1.016
 1.016
 1.016
 1.017
 1.017
 1.017
 1.017
 1.018
 1.018
 1.018
 1.018
 1.018
 1.019
 1.019
 1.02
 1.02
 1.021
 1.021
 1.022
 1.022
 1.023
 1.023
 1.023
 1.023
 1.023
 1.024
 1.024
 1.024
 1.024
 1.025
 1.025
 1.025
 1.025
 1.025
 1.025
 1.025
 1.025
 1.025
 1.025
 1.025
 1.025
 1.025
 1.025
 1.025
 1.025
 1.025
 1.025
 1.025
 1.025
 1.025
 1.025
 1.025
 1.025
 1.025
 1.025
 1.025
 1.025
 1.025
 1.025
 1.024
 1.024
 1.024
 1.024
 1.024
 1.023
 1.023
 1.022
 1.022
 1.022
 1.021
 1.021
 1.021
 1.02
 1.02
 1.02
 1.02
 1.02
 1.02
 1.02
 1.02
 1.02
 1.02
 1.02
 1.02
 1.02
 1.02
 1.02
 1.02
 1.02
 1.02
 1.02
 1.02
 1.02
 1.021
 1.021
 1.021
 1.021
 1.021
 1.021
 1.021
 1.021
 1.021
 1.021
 1.022
 1.022
 1.022
 1.022
 1.022
 1.022
 1.022
 1.022
 1.022
 1.022
 1.022
 1.022
 1.022
 1.022
 1.022
 1.023
 1.023
 1.023
 1.023
 1.023
 1.023
 1.023
 1.023
 1.023
 1.023
 1.023
 1.024
 1.024
 1.024
 1.024
 1.024
 1.024
 1.024
 1.024
 1.025
 1.025
 1.025
 1.025
 1.025
 1.026
 1.026
 1.026
 1.026
 1.026
 1.027
 1.027
 1.028
 1.028
 1.029
 1.03
 1.03
 1.03
 1.031
 1.031
 1.031
 1.031
 1.032
 1.032
 1.032
 1.032
 1.032
 1.033
 1.033
 1.033
 1.033
 1.033
 1.033
 1.034
 1.034
 1.034
 1.034
 1.034
 1.035
 1.035
 1.035
 1.035
 1.036
 1.036
 1.036
 1.036
 1.037
 1.037
 1.037
 1.037
 1.038
 1.038
 1.038
 1.038
 1.038
 1.038
 1.038
 1.038
 1.038
 1.038
 1.038
 1.039
 1.039
 1.039
 1.039
 1.039
 1.04
 1.04
 1.04
 1.041
 1.041
 1.041
 1.042
 1.042
 1.043
 1.043
 1.044
 1.045
 1.045
 1.046
 1.046
 1.047
 1.047
 1.048
 1.048
 1.048
 1.049
 1.049
 1.05
 1.05
 1.05
 1.051
 1.051
 1.051
 1.052
 1.052
 1.052
 1.053
 1.053
 1.054
 1.054
 1.054
 1.055
 1.055
 1.056
 1.056
 1.056
 1.057
 1.057
 1.057
 1.058
 1.058
 1.058
 1.059
 1.059
 1.059
 1.06
 1.06
 1.06
 1.06
 1.06
 1.06
 1.061
 1.061
 1.061
 1.061
 1.061
 1.062
 1.062
 1.062
 1.062
 1.062
 1.062
 1.062
 1.062
 1.062
 1.062
 1.063
 1.063
 1.063
 1.063
 1.063
 1.063
 1.063
 1.063
 1.063
 1.063
 1.064
 1.064
 1.064
 1.064
 1.064
 1.064
 1.065
 1.065
 1.065
 1.065
 1.065
 1.065
 1.066
 1.066
 1.066
 1.066
 1.066
 1.066
 1.067
 1.067
 1.067
 1.067
 1.067
 1.067
 1.067
 1.067
 1.067
 1.067
 1.067
 1.067
 1.067
 1.067
 1.066
 1.066
 1.067
 1.067
 1.067
 1.067
 1.067
 1.067
 1.067
 1.068
 1.068
 1.068
 1.068
 1.069
 1.069
 1.072
 1.077
 1.091
 1.105
 1.132
 1.154
 1.18
 1.225
 1.278
 1.317
 1.381
 1.428
 1.477
 1.552
 1.604
 1.68
 1.756
 1.805
 1.853
 1.923
 1.992
 2.038
 2.107
 2.153
 2.223
 2.269
 2.339
 2.386
 2.433
 2.504
 2.575
 2.622
 2.67
 2.741
 2.788
 2.859
 2.907
 2.978
 3.026
 3.097
 3.169
 3.217
 3.289
 3.336
 3.406
 3.452
 3.497
 3.564
 3.629
 3.671
 3.712
 3.773
 3.832
 3.87
 3.908
 3.963
 3.999
 4.052
 4.088
 4.139
 4.173
 4.223
 4.255
 4.302
 4.333
 4.378
 4.422
 4.451
 4.493
 4.521
 4.561
 4.588
 4.626
 4.652
 4.676
 4.713
 4.737
 4.772
 4.806
 4.829
 4.851
 4.883
 4.904
 4.924
 4.955
 4.984
 5.004
 5.022
 5.05
 5.069
 5.096
 5.122
 5.139
 5.164
 5.18
 5.196
 5.22
 5.235
 5.258
 5.272
 5.294
 5.315
 5.329
 5.349
 5.362
 5.381
 5.394
 5.412
 5.424
 5.436
 5.454
 5.47
 5.481
 5.497
 5.508
 5.523
 5.533
 5.543
 5.558
 5.567
 5.576
 5.59
 5.599
 5.612
 5.62
 5.632
 5.64
 5.652
 5.663
 5.671
 5.682
 5.689
 5.699
 5.706
 5.713
 5.722
 5.729
 5.738
 5.747
 5.753
 5.762
 5.768
 5.776
 5.782
 5.787
 5.795
 5.8
 5.808
 5.816
 5.821
 5.826
 5.833
 5.84
 5.845
 5.851
 5.856
 5.86
 5.867
 5.873
 5.877
 5.883
 5.887
 5.891
 5.897
 5.902
 5.906
 5.909
 5.914
 5.918
 5.922
 5.925
 5.93
 5.933
 5.937
 5.94
 5.944
 5.948
 5.951
 5.953
 5.957
 5.961
 5.963
 5.967
 5.969
 5.972
 5.974
 5.977
 5.979
 5.981
 5.984
 5.987
 5.988
 5.99
 5.992
 5.994
 5.996
 5.998
 6
 6.002
 6.004
 6.005
 6.008
 6.01
 6.011
 6.013
 6.015
 6.017
 6.019
 6.02
 6.022
 6.024
 6.026
 6.027
 6.029
 6.031
 6.033
 6.034
 6.036
 6.038
 6.039
 6.04
 6.041
 6.042
 6.044
 6.046
 6.047
 6.048
 6.049
 6.05
 6.051
 6.052
 6.053
 6.055
 6.055
 6.057
 6.058
 6.059
 6.06
 6.061
 6.062
 6.063
 6.063
 6.064
 6.065
 6.066
 6.066
 6.067
 6.068
 6.069
 6.07
 6.07
 6.071
 6.072
 6.072
 6.073
 6.074
 6.074
 6.075
 6.076
 6.076
 6.077
 6.077
 6.078
 6.078
 6.079
 6.079
 6.08
 6.08
 6.08
 6.081
 6.081
 6.082
 6.082
 6.083
 6.083
 6.084
 6.084
 6.085
 6.085
 6.085
 6.086
 6.086
 6.087
 6.087
 6.087
 6.087
 6.087
 6.088
 6.088
 6.088
 6.088
 6.088
 6.088
 6.089
 6.089
 6.089
 6.089
 6.089
 6.089
 6.089
 6.089
 6.089
 6.089
 6.09
 6.09
 6.09
 6.091
 6.091
 6.091
 6.092
 6.092
 6.092
 6.093
 6.093
 6.094
 6.094
 6.094
 6.095
 6.095
 6.095
 6.095
 6.096
 6.096
 6.096
 6.096
 6.096
 6.096
 6.096
 6.097
 6.097
 6.097
 6.097
 6.097
 6.097
 6.098
 6.098
 6.098
 6.098
 6.098
 6.098
 6.098
 6.098
 6.099
 6.099
 6.099
 6.1
 6.1
 6.1
 6.1
 6.101
 6.101
 6.101
 6.101
 6.101
 6.101
 6.101
 6.101
 6.101
 6.101
 6.101
 6.101
 6.101
 6.101
 6.101
 6.101
 6.101
 6.101
 6.101
 6.101
 6.101
 6.101
 6.101
 6.1
 6.1
 6.1
 6.1
 6.1
 6.099
 6.099
 6.098
 6.098
 6.098
 6.097
 6.097
 6.097
 6.097
 6.097
 6.097
 6.096
 6.096
 6.096
 6.096
 6.096
 6.096
 6.096
 6.096
 6.096
 6.096
 6.095
 6.095
 6.095
 6.095
 6.095
 6.095
 6.095
 6.095
 6.095
 6.095
 6.095
 6.095
 6.096
 6.096
 6.096
 6.096
 6.095
 6.095
 6.095
 6.095
 6.095
 6.095
 6.094
 6.094
 6.094
 6.093
 6.093
 6.093
 6.092
 6.092
 6.092
 6.092
 6.091
 6.091
 6.091
 6.091
 6.09
 6.09
 6.09
 6.09
 6.089
 6.089
 6.089
 6.089
 6.089
 6.089
 6.089
 6.088
 6.088
 6.088
 6.088
 6.088
 6.088
 6.088
 6.088
 6.088
 6.087
 6.087
 6.087
 6.086
 6.086
 6.086
 6.085
 6.085
 6.084
 6.084
 6.083
 6.083
 6.083
 6.082
 6.082
 6.082
 6.082
 6.082
 6.082
 6.082
 6.081
 6.081
 6.081
 6.081
 6.081
 6.081
 6.08
 6.08
 6.08
 6.08
 6.08
 6.08
 6.08
 6.08
 6.08
 6.08
 6.08
 6.08
 6.08
 6.08
 6.08
 6.08
 6.081
 6.081
 6.081
 6.081
 6.081
 6.081
 6.081
 6.081
 6.081
 6.082
 6.082
 6.082
 6.082
 6.082
 6.082
 6.082
 6.083
 6.083
 6.083
 6.084
 6.084
 6.084
 6.085
 6.085
 6.085
 6.086
 6.086
 6.087
 6.087
 6.087
 6.088
 6.088
 6.088
 6.088
 6.088
 6.088
 6.088
 6.088
 6.088
 6.088
 6.088
 6.088
 6.088
 6.088
 6.088
 6.088
 6.088
 6.088
 6.088
 6.088
 6.087
 6.087
 6.087
 6.087
 6.087
 6.088
 6.088
 6.088
 6.087
 6.087
 6.087
 6.088
 6.088
 6.088
 6.088
 6.088
 6.088
 6.088
 6.088
 6.087
 6.087
 6.087
 6.087
 6.087
 6.087
 6.087
 6.087
 6.086
 6.086
 6.086
 6.086
 6.086
 6.086
 6.086
 6.086
 6.086
 6.086
 6.085
 6.085
 6.085
 6.085
 6.085
 6.085
 6.084
 6.084
 6.084
 6.084
 6.084
 6.084
 6.084
 6.084
 6.084
 6.084
 6.084
 6.084
 6.084
 6.084
 6.084
 6.084
 6.084
 6.084
 6.084
 6.084
 6.084
 6.084
 6.084
 6.084
 6.084
 6.084
 6.084
 6.084
 6.084
 6.084
 6.084
 6.084
 6.084
 6.084
 6.084
 6.084
 6.084
 6.084
 6.084
 6.084
 6.084
 6.084
 6.084
 6.084
 6.083
 6.083
 6.083
 6.082
 6.082
 6.081
 6.081
 6.08
 6.079
 6.079
 6.078
 6.078
 6.077
 6.077
 6.076
 6.075
 6.075
 6.075
 6.074
 6.074
 6.073
 6.073
 6.072
 6.072
 6.071
 6.071
 6.07
 6.07
 6.07
 6.07
 6.069
 6.069
 6.069
 6.069
 6.069
 6.069
 6.069
 6.069
 6.069
 6.069
 6.069
 6.069
 6.069
 6.068
 6.068
 6.068
 6.068
 6.068
 6.068
 6.069
 6.069
 6.069
 6.069
 6.07
 6.07
 6.069
 6.069
 6.069
 6.069
 6.068
 6.068
 6.068
 6.068
 6.067
 6.067
 6.067
 6.066
 6.065
 6.065
 6.064
 6.064
 6.064
 6.063
 6.063
 6.062
 6.062
 6.062
 6.062
 6.061
 6.061
 6.061
 6.061
 6.061
 6.061
 6.061
 6.061
 6.061
 6.061
 6.061
 6.06
 6.06
 6.06
 6.06
 6.06
 6.06
 6.06
 6.06
 6.06
 6.061
 6.061
 6.061
 6.061
 6.061
 6.061
 6.061
 6.061
 6.061
 6.061
 6.061
 6.061
 6.061
 6.061
 6.061
 6.06
 6.06
 6.06
 6.06
 6.06
 6.059
 6.059
 6.059
 6.059
 6.059
 6.059
 6.058
 6.058
 6.058
 6.058
 6.058
 6.058
 6.058
 6.058
 6.058
 6.058
 6.057
 6.057
 6.057
 6.057
 6.056
 6.056
 6.056
 6.055
 6.055
 6.054
 6.054
 6.053
 6.053
 6.053
 6.053
 6.052
 6.052
 6.052
 6.052
 6.051
 6.051
 6.051
 6.051
 6.05
 6.05
 6.05
 6.05
 6.05
 6.05
 6.05
 6.05
 6.05
 6.049
 6.049
 6.049
 6.049
 6.049
 6.048
 6.048
 6.048
 6.048
 6.048
 6.047
 6.047
 6.047
 6.047
 6.047
 6.047
 6.047
 6.047
 6.047
 6.047
 6.047
 6.047
 6.046
 6.046
 6.046
 6.046
 6.045
 6.045
 6.045
 6.044
 6.044
 6.044
 6.044
 6.043
 6.043
 6.044
 6.044
 6.044
 6.044
 6.044
 6.044
 6.044
 6.045
 6.045
 6.045
 6.045
 6.046
 6.046
 6.046
 6.046
 6.046
 6.045
 6.045
 6.045
 6.046
 6.046
 6.046
 6.046
 6.046
 6.046
 6.047
 6.047
 6.047
 6.047
 6.047
 6.047
 6.048
 6.048
 6.048
 6.048
 6.048
 6.048
 6.048
 6.048
 6.049
 6.049
 6.049
 6.049
 6.05
 6.05
 6.05
 6.05
 6.05
 6.05
 6.05
 6.05
 6.05
 6.05
 6.05
 6.05
 6.05
 6.05
 6.05
 6.05
 6.05
 6.05
 6.05
 6.05
 6.05
 6.05
 6.05
 6.05
 6.05
 6.05
 6.05
 6.05
 6.051
 6.051
 6.051
 6.052
 6.052
 6.052
 6.052
 6.052
 6.053
 6.053
 6.053
 6.053
 6.054
 6.054
 6.054
 6.054
 6.054
 6.055
 6.055
 6.056
 6.056
 6.057
 6.057
 6.057
 6.058
 6.058
 6.058
 6.058
 6.058
 6.059
 6.059
 6.059
 6.059
 6.059
 6.059
 6.059
 6.06
 6.06
 6.06
 6.06
 6.06
 6.06
 6.06
 6.06
 6.06
 6.06
 6.061
 6.061
 6.062
 6.062
 6.063
 6.063
 6.063
 6.064
 6.064
 6.064
 6.064
 6.064
 6.064
 6.065
 6.065
 6.065
 6.064
 6.065
 6.065
 6.065
 6.065
 6.065
 6.065
 6.066
 6.066
 6.066
 6.066
 6.066
 6.066
 6.066
 6.067
 6.067
 6.067
 6.067
 6.067
 6.068
 6.068
 6.068
 6.068
 6.068
 6.069
 6.069
 6.069
 6.07
 6.07
 6.07
 6.07
 6.071
 6.071
 6.071
 6.071
 6.071
 6.071
 6.071
 6.072
 6.072
 6.072
 6.073
 6.073
 6.074
 6.075
 6.075
 6.075
 6.076
 6.076
 6.077
 6.077
 6.078
 6.078
 6.078
 6.079
 6.079
 6.079
 6.08
 6.08
 6.08
 6.08
 6.081
 6.081
 6.081
 6.082
 6.082
 6.082
 6.082
 6.082
 6.082
 6.082
 6.082
 6.082
 6.082
 6.082
 6.082
 6.082
 6.082
 6.082
 6.081
 6.081
 6.081
 6.081
 6.082
 6.082
 6.082
 6.082
 6.082
 6.082
 6.082
 6.083
 6.083
 6.083
 6.083
 6.083
 6.084
 6.084
 6.084
 6.084
 6.084
 6.084
 6.085
 6.085
 6.085
 6.085
 6.085
 6.085
 6.085
 6.085
 6.085
 6.085
 6.085
 6.085
 6.085
 6.084
 6.084
 6.084
 6.084
 6.084
 6.084
 6.084
 6.083
 6.083
 6.083
 6.083
 6.083
 6.082
 6.082
 6.082
 6.081
 6.081
 6.081
 6.081
 6.081
 6.08
 6.08
 6.079
 6.079
 6.079
 6.078
 6.078
 6.077
 6.077
 6.077
 6.077
 6.076
 6.076
 6.076
 6.076
 6.076
 6.076
 6.075
 6.075
 6.075
 6.075
 6.074
 6.074
 6.074
 6.074
 6.074
 6.074
 6.074
 6.074
 6.075
 6.075
 6.075
 6.075
 6.075
 6.075
 6.076
 6.076
 6.076
 6.076
 6.076
 6.076
 6.076
 6.076
 6.076
 6.076
 6.076
 6.076
 6.076
 6.076
 6.076
 6.075
 6.075
 6.075
 6.074
 6.074
 6.074
 6.073
 6.073
 6.073
 6.073
 6.073
 6.073
 6.073
 6.073
 6.072
 6.072
 6.072
 6.072
 6.072
 6.072
 6.072
 6.072
 6.071
 6.071
 6.071
 6.071
 6.071
 6.071
 6.071
 6.071
 6.071
 6.071
 6.072
 6.072
 6.072
 6.072
 6.072
 6.073
 6.073
 6.073
 6.073
 6.073
 6.073
 6.073
 6.073
 6.073
 6.073
 6.074
 6.074
 6.074
 6.074
 6.074
 6.075
 6.075
 6.075
 6.075
 6.075
 6.075
 6.076
 6.076
 6.076
 6.077
 6.077
 6.077
 6.077
 6.077
 6.077
 6.077
 6.077
 6.077
 6.078
 6.078
 6.078
 6.078
 6.078
 6.079
 6.079
 6.079
 6.079
 6.079
 6.08
 6.08
 6.08
 6.08
 6.081
 6.081
 6.081
 6.081
 6.081
 6.081
 6.081
 6.081
 6.081
 6.081
 6.081
 6.081
 6.081
 6.081
 6.081
 6.081
 6.081
 6.081
 6.081
 6.08
 6.08
 6.08
 6.08
 6.081
 6.081
 6.08
 6.08
 6.08
 6.08
 6.08
 6.08
 6.08
 6.079
 6.079
 6.079
 6.079
 6.079
 6.078
 6.078
 6.078
 6.078
 6.078
 6.078
 6.077
 6.077
 6.076
 6.076
 6.076
 6.076
 6.076
 6.076
 6.076
 6.076
 6.076
 6.076
 6.076
 6.076
 6.076
 6.076
 6.076
 6.076
 6.076
 6.076
 6.076
 6.076
 6.076
 6.077
 6.077
 6.077
 6.077
 6.077
 6.078
 6.078
 6.078
 6.078
 6.078
 6.079
 6.079
 6.079
 6.08
 6.08
 6.081
 6.081
 6.081
 6.082
 6.082
 6.083
 6.083
 6.083
 6.084
 6.085
 6.086
 6.086
 6.087
 6.087
 6.087
 6.088
 6.088
 6.088
 6.089
 6.089
 6.089
 6.09
 6.09
 6.09
 6.09
 6.09
 6.089
 6.09
 6.09
 6.09
 6.09
 6.09
 6.091
 6.091
 6.091
 6.091
 6.092
 6.092
 6.092
 6.093
 6.093
 6.093
 6.093
 6.093
 6.093
 6.094
 6.094
 6.094
 6.094
 6.094
 6.094
 6.094
 6.094
 6.094
 6.094
 6.094
 6.094
 6.095
 6.095
 6.095
 6.095
 6.095
 6.095
 6.095
 6.095
 6.095
 6.095
 6.096
 6.096
 6.097
 6.097
 6.098
 6.098
 6.098
 6.098
 6.098
 6.098
 6.098
 6.097
 6.097
 6.097
 6.097
 6.097
 6.097
 6.097
 6.097
 6.097
 6.097
 6.097
 6.097
 6.097
 6.097
 6.097
 6.098
 6.098
 6.098
 6.098
 6.099
 6.099
 6.099
 6.1
 6.1
 6.1
 6.1
 6.1
 6.1
 6.1
 6.1
 6.101
 6.101
 6.101
 6.101
 6.101
 6.1
 6.1
 6.101
 6.101
 6.101
 6.101
 6.101
 6.101
 6.101
 6.102
 6.102
 6.102
 6.102
]
